source,destination,label
15,60,False
32,739,False
54,31,False
44,337,False
80,201,False
81,713,False
71,448,False
29,811,True
28,645,False
66,341,False
83,371,False
80,676,False
84,883,False
4,704,False
52,269,False
59,168,False
75,73,False
76,557,False
77,202,False
64,713,False
30,691,False
71,874,False
52,220,False
68,387,False
5,871,False
78,215,False
83,451,True
79,727,False
26,447,False
66,767,False
6,126,False
64,277,False
53,386,False
82,410,False
35,403,False
59,594,False
73,99,False
42,168,False
65,309,False
17,348,False
85,764,False
72,46,False
45,484,False
66,322,False
58,136,False
21,543,False
54,478,False
35,354,False
61,215,False
42,119,False
18,615,False
85,369,False
54,42,False
32,884,False
86,881,False
65,735,False
68,368,False
25,302,False
43,287,True
16,204,False
61,632,False
54,34,False
60,183,False
70,414,True
64,724,False
82,342,False
73,31,False
74,72,False
83,770,False
50,602,False
66,769,False
69,832,False
6,128,False
59,171,False
56,80,False
73,506,False
85,341,False
61,13,False
75,472,False
24,87,False
64,716,False
71,877,False
21,688,False
85,816,False
57,543,False
64,280,False
80,185,False
24,38,False
59,597,False
22,855,False
23,734,False
66,325,False
83,355,False
80,660,False
58,139,False
68,816,False
12,541,False
75,57,False
9,612,False
83,830,False
61,643,False
54,45,False
77,186,False
38,527,False
13,707,False
46,508,False
68,371,False
85,401,False
75,532,False
78,199,False
83,435,True
43,289,False
34,283,False
78,714,False
79,711,False
10,779,False
58,565,False
82,394,False
14,587,False
39,694,False
73,83,False
53,458,False
44,431,True
43,240,False
69,834,False
75,137,False
60,186,False
80,245,False
0,465,False
54,462,False
71,888,False
80,632,False
61,199,False
78,666,True
84,368,False
8,368,False
51,172,False
50,605,False
1,632,False
86,865,False
66,336,False
79,212,False
51,173,False
7,223,False
52,314,False
1,633,False
42,49,False
83,407,False
78,646,False
2,512,False
84,320,False
24,41,False
82,454,False
86,761,False
64,278,True
59,600,False
25,182,False
73,143,False
68,819,True
28,498,False
74,56,False
23,737,False
83,754,False
48,844,False
58,142,False
7,224,False
49,723,False
66,753,False
78,251,False
75,584,False
59,155,False
73,490,False
85,325,False
0,750,True
65,304,False
61,646,False
54,48,False
72,166,False
15,156,False
85,800,False
76,489,False
66,754,False
44,433,False
80,297,False
70,428,False
58,568,False
73,95,False
11,661,False
39,697,False
53,461,False
56,94,False
65,296,False
63,255,False
15,107,False
45,771,False
44,384,False
83,339,False
80,644,False
84,380,False
72,62,False
54,465,False
68,800,False
71,891,False
61,202,False
84,767,False
44,335,False
74,503,False
52,316,False
56,520,False
71,446,False
75,516,False
78,183,False
78,698,False
28,643,False
39,553,False
66,339,False
83,806,True
36,624,False
86,813,False
52,267,False
73,67,False
41,598,False
73,155,False
75,121,False
35,450,False
25,185,False
64,711,False
71,872,False
17,395,False
68,385,False
73,542,False
63,15,False
80,616,False
84,352,False
81,657,False
53,434,True
38,670,True
52,268,False
35,451,True
58,579,False
9,755,False
19,496,False
27,477,False
26,352,False
17,346,False
61,649,False
54,51,False
68,386,False
70,431,True
79,196,False
76,501,False
54,476,False
61,213,False
67,352,False
16,300,False
33,68,False
83,391,False
58,571,False
78,630,False
62,245,False
82,438,False
34,234,False
0,608,False
56,97,False
73,127,False
63,258,False
65,733,False
68,803,True
16,251,False
83,866,False
74,40,False
54,477,False
21,833,False
58,126,False
33,69,False
79,663,True
18,614,False
75,568,False
60,617,False
51,53,False
67,778,False
78,235,False
73,474,False
3,825,False
16,202,False
61,630,False
54,32,False
17,418,True
60,181,False
78,710,False
56,523,False
85,784,False
76,473,False
62,14,True
80,281,False
73,79,False
55,65,False
24,134,False
62,226,False
62,663,True
4,705,False
56,78,False
85,389,False
38,672,False
80,628,False
84,364,False
35,453,False
30,692,False
71,875,False
52,221,False
68,388,False
5,872,False
66,768,False
83,798,False
31,858,False
55,491,False
79,248,False
74,487,False
78,295,False
42,169,False
17,349,False
65,310,False
75,500,False
78,682,False
66,323,False
86,797,False
67,364,False
70,434,True
54,479,False
61,216,False
72,126,False
78,287,True
74,92,False
75,105,False
22,711,False
70,859,False
73,526,False
63,261,False
65,736,False
68,369,False
68,806,True
46,506,False
84,336,False
23,590,False
81,641,False
85,449,False
63,686,False
62,674,True
18,617,False
85,836,False
34,188,False
67,781,False
68,24,True
16,205,False
61,633,False
46,507,False
68,370,False
60,184,False
38,817,False
70,415,True
79,180,False
76,485,False
56,526,False
63,687,False
55,77,False
83,375,False
80,680,False
8,366,False
84,416,False
24,137,False
62,229,False
79,655,False
66,770,False
56,81,False
73,111,False
82,338,False
83,850,False
25,279,True
74,539,False
77,206,False
75,165,False
24,88,False
73,586,False
75,552,False
42,47,False
55,494,False
62,655,False
2,510,False
59,598,False
65,313,False
85,768,False
72,50,False
77,286,True
80,265,False
43,214,False
58,140,False
68,817,False
79,627,False
32,882,False
57,103,False
80,740,False
61,644,False
54,46,False
84,348,False
84,863,False
65,739,False
15,154,False
68,372,False
58,7,False
69,413,False
31,717,False
28,788,False
63,689,False
24,110,False
70,426,False
58,566,False
79,232,False
77,266,False
74,471,False
53,459,False
65,294,False
6,56,False
40,574,False
44,382,False
60,187,False
86,781,False
67,348,False
70,418,True
84,815,True
54,463,False
68,798,False
61,200,False
72,110,False
74,76,False
76,517,False
20,807,True
19,641,False
48,556,False
73,510,False
69,394,False
81,625,False
85,433,False
62,658,True
25,232,False
85,820,False
84,795,False
52,315,False
80,317,False
34,260,False
2,513,False
64,279,True
56,510,False
25,183,False
64,17,True
26,399,False
47,674,True
78,726,False
52,266,False
43,217,False
84,400,False
4,558,False
79,639,False
83,750,True
67,795,False
82,322,False
26,350,False
57,106,False
74,136,False
83,834,False
61,647,False
68,384,False
33,165,False
74,523,False
75,149,False
73,570,False
63,701,False
15,157,False
75,536,False
67,350,False
16,298,False
70,429,False
58,569,False
62,243,False
33,116,False
66,750,True
85,880,False
51,100,False
56,95,False
63,256,False
77,270,True
45,772,False
80,249,False
67,351,False
21,831,False
68,801,False
60,615,False
51,51,False
67,776,False
50,746,False
79,611,False
80,724,False
55,508,False
62,669,False
11,658,True
70,846,False
64,290,True
84,847,False
56,521,False
69,397,False
75,37,False
57,553,False
77,250,False
55,63,False
79,216,False
17,445,False
75,596,False
12,684,False
71,442,False
57,117,False
41,599,False
79,691,False
13,850,False
82,458,False
86,765,False
17,396,False
5,870,False
55,64,False
72,94,False
38,671,True
66,766,False
9,756,False
55,489,False
75,588,False
26,353,False
65,308,False
81,609,False
61,650,False
15,35,False
82,354,False
85,417,False
57,534,False
29,523,False
16,301,False
84,779,False
80,301,False
69,844,False
79,276,False
76,581,False
0,609,False
70,857,False
56,98,False
63,259,False
65,734,False
16,252,False
84,384,False
72,66,False
79,623,False
60,618,False
34,186,False
67,779,False
50,749,False
1,776,False
74,120,False
5,584,False
77,302,False
61,631,False
62,672,False
74,507,False
27,762,False
47,821,False
78,315,False
31,570,False
56,524,False
73,554,False
69,400,False
35,378,False
69,825,False
55,66,False
62,227,False
85,864,False
72,146,False
56,79,False
57,120,False
42,94,False
73,159,False
13,853,False
23,881,False
15,37,False
69,826,False
81,661,False
59,165,False
80,708,False
55,492,False
84,444,False
83,319,False
84,831,False
82,366,False
83,878,False
57,537,False
74,567,False
77,234,False
67,365,False
80,313,False
11,805,False
70,860,False
65,737,False
74,172,False
69,411,False
72,78,False
6,103,False
83,870,False
75,572,False
67,782,False
81,721,False
71,456,False
60,185,False
35,331,False
63,688,False
86,829,False
22,568,False
69,828,False
62,230,False
79,260,False
76,565,False
48,554,False
64,721,False
57,123,False
35,332,False
42,97,False
83,455,False
79,735,False
78,610,False
20,806,True
25,280,False
74,104,False
42,48,False
43,264,False
55,495,False
45,626,False
62,656,False
74,491,False
78,299,False
57,540,False
43,215,False
85,848,False
86,889,False
72,130,False
64,702,False
32,883,False
57,104,False
26,398,False
33,163,False
36,479,False
28,789,False
12,538,False
85,453,False
63,690,False
44,432,False
80,692,False
4,848,False
70,427,False
43,286,True
84,428,False
33,114,False
53,460,False
71,459,False
82,350,False
6,57,False
42,70,False
73,39,False
79,312,False
83,778,False
74,551,False
77,218,False
67,349,False
8,414,True
30,835,False
68,799,False
85,349,False
75,480,False
62,233,False
55,506,False
0,462,False
7,199,False
48,557,False
71,885,False
74,156,False
20,808,False
30,836,False
69,395,False
21,687,False
57,551,False
75,169,False
64,288,False
25,233,False
80,193,False
73,590,False
17,443,False
81,705,False
71,440,False
34,261,False
66,333,False
7,270,True
84,875,False
26,400,False
55,62,False
8,345,False
59,160,False
47,675,True
15,82,False
18,760,False
9,754,False
76,549,False
44,359,False
67,796,False
64,705,False
26,351,False
57,107,False
78,207,False
83,439,False
80,744,False
79,719,False
82,402,False
59,152,False
16,299,False
73,91,False
69,842,False
62,244,False
33,117,False
66,751,True
51,101,False
78,674,True
7,201,False
29,522,False
69,843,False
60,616,False
72,114,False
50,747,False
1,774,False
86,873,False
55,509,False
11,659,True
78,179,False
69,398,False
8,318,False
57,554,False
71,443,False
47,820,False
57,118,False
41,600,False
79,296,False
76,601,False
83,762,False
13,851,False
51,123,False
17,397,False
59,163,False
15,85,False
85,333,False
75,464,False
9,757,False
86,845,False
64,708,False
74,140,False
46,653,False
15,36,False
57,535,False
64,272,False
73,574,False
80,177,False
14,732,False
59,589,False
81,689,False
39,839,False
69,845,False
40,718,False
83,347,False
85,884,False
70,858,False
57,6,False
54,473,False
57,536,False
52,245,False
61,210,False
75,49,False
6,151,False
71,29,False
53,411,False
54,37,False
73,470,False
76,533,False
35,428,False
67,780,False
1,777,False
71,454,False
52,196,False
78,191,False
5,585,False
2,656,False
62,673,False
27,763,False
83,814,True
53,362,False
84,851,False
31,571,False
82,386,False
3,822,False
69,401,False
35,379,False
73,75,False
42,144,False
17,324,False
75,600,False
64,719,False
79,308,False
71,880,False
57,121,False
83,419,True
35,330,False
80,624,False
78,658,True
78,742,False
66,764,False
69,827,False
86,857,False
59,166,False
49,868,False
16,229,False
43,262,False
55,493,False
80,229,False
81,741,False
52,218,False
65,307,True
16,180,False
57,538,False
83,399,False
78,638,False
6,153,False
59,592,False
42,166,False
68,811,True
77,314,False
40,721,False
79,280,False
76,585,False
66,320,False
58,134,False
69,412,False
78,243,False
73,482,False
54,40,False
24,63,False
72,158,False
71,457,False
68,366,False
85,792,False
6,105,False
58,560,False
53,365,False
36,769,False
7,246,False
74,599,False
81,673,False
69,829,False
48,555,False
64,722,False
71,883,False
57,124,False
84,759,False
34,308,False
60,607,True
59,169,False
25,281,False
84,751,True
43,265,False
84,448,False
62,657,False
66,331,False
21,686,False
82,370,False
32,596,False
73,59,False
26,448,False
74,571,False
43,216,False
8,393,False
18,758,False
50,892,False
75,113,False
59,595,False
64,703,False
79,292,False
73,534,False
57,105,False
68,814,True
80,608,False
33,164,False
58,137,False
85,844,False
86,841,False
59,150,False
12,539,False
7,248,False
9,610,False
20,520,False
4,849,False
61,641,False
54,43,False
80,213,False
70,423,True
79,188,False
81,725,False
71,460,False
54,468,False
41,745,False
84,811,True
83,383,False
58,563,False
8,415,True
78,622,False
7,249,False
69,841,False
56,89,False
75,85,False
70,28,True
77,214,False
0,463,False
7,200,False
64,725,False
71,886,False
30,837,False
78,227,False
73,466,False
79,739,False
57,552,False
78,614,False
64,289,False
51,170,False
1,630,False
71,441,False
15,132,False
85,776,False
76,465,False
44,409,False
66,334,False
80,273,False
58,148,False
7,271,True
26,401,False
74,583,False
15,83,False
18,761,False
20,665,False
85,381,False
44,360,False
24,39,False
86,893,False
64,706,False
65,747,False
68,380,False
46,651,False
58,149,False
23,735,False
79,240,False
65,302,False
60,195,False
72,30,False
54,471,False
61,208,False
67,347,False
73,43,False
78,279,True
74,84,False
52,293,False
83,782,False
10,780,False
19,783,False
14,588,False
75,97,False
13,563,False
35,426,False
56,92,False
73,518,False
63,253,False
65,728,False
85,353,False
17,371,False
75,484,False
48,698,False
84,328,False
81,633,False
59,9,False
9,469,False
71,889,False
85,828,False
60,612,False
26,328,False
57,555,False
64,292,False
80,197,False
60,176,False
56,518,False
10,636,False
39,551,False
66,337,False
83,367,False
36,622,False
80,672,False
55,60,False
31,861,False
84,879,False
66,762,False
34,210,False
59,164,False
73,103,False
75,69,False
16,227,False
83,842,False
77,198,False
71,870,False
68,383,False
85,413,False
75,544,False
66,21,True
78,211,False
1,489,False
79,723,False
66,763,False
16,178,False
70,437,False
64,273,False
58,577,False
14,733,False
27,475,False
59,590,False
65,305,False
85,760,False
72,42,False
77,278,True
37,790,False
66,318,False
48,700,False
80,257,False
67,359,False
58,132,False
54,474,False
68,809,False
61,211,False
0,606,True
79,619,False
33,66,False
6,152,False
53,412,False
85,365,False
54,38,False
35,429,False
70,854,False
65,731,False
58,133,False
49,580,False
58,558,False
53,363,False
79,224,False
74,463,False
3,823,False
35,380,False
17,325,False
4,702,False
60,179,False
86,773,False
84,807,True
64,720,False
55,72,False
43,312,False
74,68,False
47,819,True
36,625,False
62,224,False
75,81,False
37,504,False
66,765,False
78,263,False
34,213,False
59,167,False
73,502,False
65,316,False
81,617,False
8,440,False
85,425,False
30,690,False
32,594,False
85,812,False
67,361,False
26,446,False
16,181,False
80,309,False
58,580,False
8,391,False
50,890,False
64,271,True
42,167,False
59,593,False
17,347,False
63,267,False
3,537,False
83,351,False
80,656,False
58,135,False
24,113,False
72,74,False
84,392,False
68,812,False
61,214,False
60,626,False
75,53,False
83,826,False
20,518,False
61,639,False
54,41,False
7,296,False
74,515,False
77,182,False
56,532,False
71,458,False
68,367,False
85,397,False
75,528,False
78,195,False
83,431,True
41,743,False
63,684,False
83,818,True
86,825,False
70,421,False
58,561,False
7,247,False
12,829,False
56,87,False
73,167,False
41,744,False
75,133,False
60,182,False
80,241,False
67,343,False
64,723,False
71,884,False
81,669,False
80,716,False
24,135,False
56,513,False
44,407,False
66,332,False
0,753,False
24,86,False
77,242,False
79,208,False
32,597,False
29,668,False
6,32,False
83,403,False
78,642,False
79,683,False
50,893,False
82,450,False
86,757,False
64,274,True
73,139,False
65,745,False
68,815,True
55,56,False
74,52,False
31,714,False
58,138,False
79,675,True
75,580,False
60,629,False
78,247,False
67,790,False
73,486,False
80,688,False
20,521,False
61,642,False
2,800,False
68,379,False
60,193,False
25,208,False
63,696,False
85,796,False
28,786,False
67,345,False
80,293,False
70,424,False
58,564,False
62,238,False
62,675,True
14,586,False
22,567,False
56,90,False
63,251,False
6,54,False
80,640,False
43,193,False
84,376,False
72,58,False
18,473,False
60,610,False
84,763,False
26,326,False
19,639,False
55,503,False
34,307,True
74,499,False
56,516,False
15,133,False
82,418,True
75,512,False
69,392,False
40,864,False
78,694,False
66,335,False
86,809,False
55,58,False
25,230,False
85,856,False
72,138,False
73,151,False
44,361,False
75,117,False
10,492,False
73,538,False
65,748,False
68,381,False
46,652,False
81,653,False
85,461,False
63,698,False
66,761,False
80,700,False
67,793,False
84,823,False
65,303,False
61,645,False
68,382,False
60,196,False
77,226,False
79,192,False
76,497,False
57,5,False
63,699,False
54,472,False
15,155,False
17,421,False
61,209,False
78,626,False
62,241,False
53,410,False
19,784,False
13,564,False
51,98,False
35,427,False
70,852,False
56,93,False
73,123,False
63,254,False
65,729,False
17,372,False
48,699,False
45,770,False
83,862,False
74,36,False
49,578,False
79,659,True
73,598,False
75,564,False
60,613,False
67,774,False
26,329,False
60,177,False
78,706,False
56,519,False
10,637,False
86,821,False
16,277,False
76,469,False
39,552,False
80,277,False
36,623,False
55,61,False
62,222,False
62,659,True
37,502,False
12,682,False
34,211,False
57,115,False
16,228,False
83,447,False
84,360,False
25,184,False
17,394,False
66,22,True
74,96,False
37,503,False
83,794,False
58,578,False
55,487,False
79,244,False
74,483,False
27,476,False
65,306,False
3,535,False
78,678,False
48,701,False
86,793,False
67,360,False
60,624,False
72,122,False
0,607,True
74,88,False
33,67,False
76,529,False
73,135,False
7,294,False
70,855,False
63,257,False
56,530,False
65,732,False
45,773,False
69,406,False
16,250,False
84,332,False
81,637,False
49,581,False
85,445,False
63,682,False
21,832,False
80,684,False
84,420,False
62,670,True
51,52,False
67,777,False
79,304,False
60,180,False
64,291,True
79,176,False
56,522,False
76,481,False
63,683,False
23,878,False
55,73,False
78,738,False
69,823,False
84,412,False
62,225,False
79,651,False
37,505,False
12,685,False
82,334,False
73,107,False
74,148,False
83,846,False
46,795,False
8,441,False
74,535,False
75,161,False
73,582,False
44,455,False
32,595,False
75,548,False
67,362,False
81,697,False
78,606,True
14,731,False
58,581,False
55,490,False
85,892,False
53,340,False
78,690,False
70,866,False
63,268,False
86,805,False
35,357,False
11,803,True
80,261,False
67,363,False
76,541,False
68,813,False
60,627,False
67,788,False
25,305,False
42,73,False
20,519,False
80,736,False
2,798,False
7,297,False
84,344,False
84,859,False
56,533,False
69,409,False
63,685,False
77,262,False
58,562,False
55,75,False
79,228,False
62,236,False
74,467,False
56,4,False
70,27,True
79,703,False
38,816,False
86,777,False
67,344,False
43,191,False
46,797,False
69,835,False
72,106,False
76,513,False
22,566,False
44,457,False
24,136,False
62,228,False
55,501,False
33,139,False
81,749,False
40,862,False
69,390,False
42,95,False
81,621,False
25,278,True
85,429,False
57,546,False
64,283,False
29,669,False
84,791,False
42,46,False
62,654,False
79,288,False
76,593,False
66,328,False
40,863,False
64,275,True
10,490,False
70,869,False
65,746,False
55,57,False
78,722,False
31,715,False
84,396,False
86,837,False
79,635,False
67,791,False
82,318,False
57,102,False
74,132,False
2,801,False
74,519,False
75,145,False
60,194,False
69,25,False
73,566,False
63,697,False
26,425,False
31,716,False
28,787,False
6,104,False
67,346,False
81,681,False
52,292,False
4,846,False
70,425,False
69,837,False
62,239,False
85,876,False
56,91,False
26,376,False
6,55,False
73,171,False
76,525,False
38,814,True
60,611,False
64,285,False
22,569,False
19,640,False
80,720,False
55,504,False
26,377,False
62,665,False
84,456,False
83,331,False
84,843,False
34,258,False
56,517,False
82,378,False
40,865,False
69,393,False
83,890,False
75,33,False
39,550,False
57,549,False
74,579,False
77,246,False
55,59,False
33,93,False
25,231,False
59,603,False
71,438,False
57,113,False
29,667,True
34,259,False
7,177,False
79,687,False
10,493,False
65,749,False
63,16,True
8,343,False
72,90,False
59,158,False
45,482,False
70,436,False
80,221,False
66,20,False
67,794,False
81,733,False
74,531,False
41,887,False
60,197,False
67,358,False
51,148,False
54,2,False
63,700,False
84,775,False
59,584,False
69,840,False
62,242,False
33,115,False
79,272,False
52,290,True
76,577,False
51,99,False
70,853,False
15,61,False
49,579,False
79,747,False
21,830,False
32,740,False
60,614,False
51,50,False
67,775,False
72,150,False
71,449,False
74,116,False
77,298,False
55,507,False
62,668,False
78,311,False
75,45,False
63,681,False
82,422,True
69,396,False
62,223,False
17,444,False
85,860,False
12,683,False
72,142,False
34,212,False
64,714,False
57,116,False
53,387,False
66,759,False
69,822,False
35,404,False
59,161,False
80,704,False
45,485,False
55,488,False
84,440,False
53,338,False
21,544,False
84,827,False
82,362,False
35,355,False
3,536,False
15,34,False
73,51,False
74,563,False
77,230,False
14,730,False
59,587,False
85,361,False
25,303,False
75,492,False
11,802,True
58,129,False
5,582,False
70,856,False
52,243,False
74,168,False
69,407,False
54,35,False
73,602,False
80,205,False
1,775,False
81,717,False
71,452,False
52,194,False
5,583,False
2,654,False
82,434,True
84,887,False
23,879,False
55,74,False
42,142,False
59,172,False
17,322,False
75,77,False
69,824,False
79,256,False
76,561,False
64,717,False
71,878,False
57,119,False
78,219,False
46,796,False
33,44,False
79,731,False
66,771,False
57,544,False
64,281,False
44,456,False
74,100,False
77,282,False
66,326,False
48,842,False
53,341,False
80,652,False
61,219,False
11,804,False
60,628,False
38,528,False
13,708,False
86,885,False
70,868,False
69,410,False
6,102,False
39,695,False
25,257,False
61,636,False
43,241,False
55,76,False
84,424,False
71,455,False
52,197,False
82,346,False
2,657,False
73,35,False
78,271,True
26,424,False
83,774,False
74,547,False
36,767,False
69,836,False
37,646,False
42,145,False
56,84,False
85,345,False
75,476,False
19,638,False
55,502,False
71,881,False
74,152,False
69,391,False
42,96,False
34,306,False
57,547,False
64,284,False
80,189,False
8,390,False
59,601,False
27,620,False
81,701,False
43,263,False
28,499,False
3,679,False
66,329,False
83,359,False
80,664,False
48,845,False
58,143,False
10,491,False
7,225,False
84,871,False
54,485,False
49,724,False
59,156,False
0,751,True
75,61,False
76,545,False
54,49,False
77,190,False
55,3,False
67,792,False
78,203,False
79,715,False
33,162,False
66,755,False
8,342,False
51,146,False
54,0,False
82,398,False
73,87,False
65,297,False
15,108,False
85,752,False
40,577,False
4,847,False
69,838,False
62,240,False
44,385,False
75,141,False
24,64,False
54,466,False
71,892,False
80,636,False
61,203,False
78,670,True
30,834,False
44,336,False
38,815,True
69,839,False
37,649,False
86,869,False
63,248,False
55,505,False
66,340,False
78,175,False
34,309,False
57,550,False
83,411,False
78,650,False
17,442,False
59,604,False
71,439,False
15,130,False
57,114,False
53,435,True
74,60,False
76,597,False
83,758,False
58,146,False
4,561,False
66,757,False
78,255,False
8,344,False
59,159,False
35,402,False
73,494,False
85,329,False
18,759,False
45,483,False
54,52,False
44,358,False
21,542,False
64,704,False
72,170,False
68,378,False
85,804,False
41,888,False
58,572,False
61,205,False
51,149,False
59,585,False
81,685,False
65,300,False
52,291,True
83,343,False
80,648,False
58,127,False
74,32,False
54,469,False
68,804,False
61,206,False
84,771,False
47,530,False
16,203,False
32,741,False
29,812,False
54,33,False
17,419,True
77,174,False
71,450,False
65,726,False
75,520,False
78,187,False
60,11,True
84,460,False
78,702,False
83,810,True
9,467,False
82,382,False
29,813,False
73,71,False
78,307,True
65,19,False
16,274,True
53,437,False
75,125,False
60,174,False
80,233,False
79,607,True
64,715,False
73,546,False
71,876,False
10,634,False
83,415,True
80,620,False
30,693,False
5,873,False
46,794,False
33,42,False
31,859,False
53,388,False
66,760,False
16,275,True
35,405,False
59,162,False
83,790,False
15,84,False
86,853,False
65,311,False
61,653,False
80,225,False
70,435,True
79,200,False
53,339,False
76,505,False
21,545,False
81,737,False
54,480,False
35,356,False
61,217,False
1,487,False
83,395,False
58,575,False
78,634,False
82,442,False
47,532,False
59,588,False
13,706,False
56,101,False
22,712,False
63,262,False
25,304,False
68,807,True
74,44,False
54,481,False
58,130,False
79,667,True
52,244,False
69,408,False
34,189,False
78,239,False
73,478,False
85,832,False
6,150,False
61,634,False
8,416,False
54,36,False
72,154,False
56,527,False
71,453,False
52,195,False
85,788,False
2,655,False
76,477,False
63,679,False
80,285,False
70,416,False
62,667,True
74,595,False
23,880,False
42,143,False
56,82,False
17,323,False
85,393,False
64,718,False
71,879,False
84,755,False
43,310,False
11,516,False
33,45,False
66,772,False
79,252,False
7,272,False
27,618,False
65,314,False
75,504,False
8,438,False
78,686,False
66,327,False
48,843,False
54,483,False
61,220,False
73,55,False
78,291,True
16,179,False
24,160,False
75,109,False
38,529,False
59,591,False
13,709,False
73,530,False
63,265,False
65,740,False
68,373,False
68,810,True
58,8,False
75,496,False
84,340,False
81,645,False
24,111,False
85,840,False
67,785,False
39,696,False
65,295,False
61,637,False
54,39,False
68,374,False
12,826,False
80,209,False
60,188,False
24,62,False
70,419,True
79,184,False
63,691,False
61,201,False
83,379,False
58,559,False
36,768,False
84,891,False
40,576,False
37,647,False
12,827,False
56,85,False
73,115,False
63,246,False
83,854,False
77,210,False
71,882,False
75,556,False
78,223,False
43,313,False
73,462,False
44,454,False
57,548,False
55,498,False
60,606,True
59,602,False
56,511,False
27,621,False
65,317,False
64,18,True
85,772,False
77,290,True
29,666,True
28,500,False
3,680,False
66,330,False
65,742,False
80,269,False
58,144,False
4,559,False
68,821,False
49,725,False
79,631,False
6,30,False
8,392,False
61,648,False
85,377,False
54,50,False
50,891,False
30,546,False
5,726,False
65,743,False
68,376,False
58,145,False
66,756,False
83,786,False
58,570,False
51,147,False
79,236,False
74,475,False
78,283,False
65,298,False
61,640,False
60,191,False
24,65,False
86,785,False
70,422,True
84,819,True
25,206,False
54,467,False
61,204,False
78,275,True
74,80,False
7,198,False
26,423,True
75,93,False
70,847,False
56,88,False
73,514,False
63,249,False
84,324,False
81,629,False
85,437,False
18,471,False
62,662,True
85,824,False
60,608,False
84,799,False
14,876,False
59,605,False
56,514,False
35,452,False
15,131,False
44,408,False
83,363,False
80,668,False
58,147,False
84,404,False
72,86,False
79,643,False
33,90,False
66,758,False
51,74,False
53,436,False
82,326,False
57,110,False
75,65,False
6,33,False
83,838,False
61,651,False
20,664,False
54,53,False
74,527,False
77,194,False
75,153,False
30,549,False
5,729,False
85,409,False
75,540,False
46,650,False
41,889,False
67,354,False
70,433,False
58,573,False
59,586,False
34,236,False
56,99,False
65,301,False
63,260,False
22,710,False
85,756,False
72,38,False
77,274,True
16,253,False
29,525,False
80,253,False
67,355,False
58,128,False
25,209,False
54,470,False
68,805,False
52,242,False
18,616,False
61,207,False
60,619,False
34,187,False
79,615,False
47,531,False
80,728,False
19,782,False
13,562,False
70,850,False
63,252,False
56,525,False
65,727,False
17,370,False
60,12,True
77,254,False
55,67,False
79,220,False
9,468,False
78,267,False
26,327,False
33,92,False
78,654,False
79,695,False
60,175,False
86,769,False
84,803,True
64,286,True
10,635,False
63,678,False
55,68,False
72,98,False
11,514,False
74,64,False
33,43,False
31,860,False
53,389,False
75,592,False
51,77,False
78,259,False
73,498,False
65,312,False
16,226,False
81,613,False
85,421,False
20,662,True
85,808,False
61,218,False
67,357,False
84,783,False
1,488,False
80,305,False
58,576,False
24,158,False
27,474,False
47,533,False
22,713,False
70,861,False
63,263,False
65,738,False
23,592,False
54,482,False
58,131,False
84,388,False
72,70,False
68,808,False
60,622,False
67,783,False
74,124,False
83,822,False
77,306,False
61,635,False
8,417,False
46,509,False
62,676,False
19,785,False
74,511,False
77,178,False
13,565,False
23,593,False
56,528,False
65,730,False
17,373,False
82,430,True
75,524,False
69,404,False
73,558,False
63,680,False
70,417,False
55,70,False
36,766,False
62,231,False
85,868,False
56,83,False
35,333,False
73,163,False
75,129,False
60,178,False
80,237,False
73,550,False
69,830,False
81,665,False
43,311,False
11,517,False
47,818,True
66,773,False
80,712,False
55,496,False
45,627,False
7,273,False
83,323,False
84,835,False
27,619,False
65,315,False
8,439,False
83,882,False
3,678,False
57,541,False
77,238,False
79,204,False
76,509,False
54,484,False
61,221,False
24,161,False
79,679,False
82,446,False
86,753,False
64,270,True
70,864,False
36,480,False
63,266,False
65,741,False
83,874,False
72,82,False
42,120,False
74,48,False
24,112,False
79,671,True
32,885,False
75,576,False
60,625,False
67,786,False
42,71,False
61,638,False
68,375,False
7,295,False
85,405,False
60,189,False
56,531,False
63,692,False
41,742,False
86,833,False
80,289,False
70,420,False
43,238,False
62,234,False
62,671,True
79,264,False
76,569,False
37,648,False
12,828,False
56,86,False
63,247,False
45,629,False
20,809,False
83,459,False
67,342,False
84,372,False
72,54,False
50,603,False
6,129,False
74,108,False
52,317,False
55,499,False
14,874,False
62,660,False
74,495,False
78,303,False
56,512,False
82,414,True
75,508,False
6,80,False
28,501,False
3,681,False
44,406,False
0,752,False
55,54,False
4,560,False
85,852,False
72,134,False
67,797,False
47,676,False
57,108,False
6,31,False
73,147,False
30,547,False
70,867,False
5,727,False
63,269,False
65,744,False
68,377,False
81,649,False
59,153,False
85,457,False
63,694,False
9,613,False
80,696,False
84,432,False
25,256,False
67,789,False
65,299,False
30,548,False
34,284,False
2,799,False
79,316,False
60,192,False
77,222,False
67,353,False
74,555,False
76,493,False
25,207,False
63,695,False
50,748,False
34,235,False
62,237,False
70,848,False
73,119,False
63,250,False
26,374,False
74,160,False
69,399,False
8,319,False
83,858,False
75,173,False
43,192,False
18,472,False
9,466,False
73,594,False
75,560,False
60,609,False
81,709,False
71,444,False
14,877,False
41,601,False
33,140,False
13,852,False
51,124,False
56,515,False
86,817,False
49,866,False
33,91,False
76,553,False
51,75,False
64,709,False
38,673,False
57,111,False
83,443,False
80,748,False
61,652,False
7,175,False
68,389,False
84,356,False
82,406,False
19,494,False
39,840,False
1,486,False
58,574,False
40,719,False
74,479,False
69,26,True
34,237,False
56,100,False
86,789,False
67,356,False
15,58,False
17,420,False
60,620,False
72,118,False
86,877,False
37,791,False
73,131,False
27,764,False
23,591,False
70,851,False
31,572,False
69,402,False
15,59,False
85,441,False
60,621,False
32,738,False
54,30,False
62,666,True
71,447,False
57,122,False
29,810,True
28,644,False
79,300,False
76,605,False
83,766,False
64,287,True
4,703,False
55,69,False
16,276,False
49,869,False
11,515,False
78,734,False
85,337,False
75,468,False
84,408,False
86,849,False
79,647,False
64,712,False
82,330,False
71,873,False
52,219,False
74,144,False
57,539,False
75,157,False
64,276,False
20,663,True
19,497,False
80,181,False
73,578,False
81,693,False
55,486,False
24,159,False
37,793,False
66,321,False
85,888,False
70,862,False
36,478,False
63,264,False
86,801,False
3,534,False
42,118,False
76,537,False
60,623,False
67,784,False
83,427,False
70,863,False
80,732,False
62,677,False
79,707,False
84,855,False
56,529,False
82,390,False
69,405,False
74,591,False
77,258,False
55,71,False
62,232,False
75,604,False
57,125,False
83,423,True
78,662,True
79,699,False
71,451,True
78,746,False
69,831,False
86,861,False
72,102,False
59,170,False
6,127,False
55,497,False
67,23,False
45,628,False
81,745,False
74,543,False
6,78,False
26,449,False
57,542,False
68,820,False
84,787,False
59,596,False
22,854,False
79,284,False
76,589,False
66,324,False
6,79,False
70,865,False
36,481,False
42,121,False
59,151,False
78,718,False
85,321,False
12,540,False
9,611,False
54,44,False
25,254,False
38,526,False
67,787,False
72,162,False
71,461,False
74,128,False
42,72,False
77,310,False
43,288,False
34,282,False
84,867,False
60,190,False
10,778,False
73,562,False
63,693,False
74,603,False
81,677,False
25,255,False
44,430,True
43,239,False
69,833,False
62,235,False
26,422,True
83,335,False
85,872,False
0,464,False
71,887,False
61,198,False
21,689,False
43,190,False
8,367,False
51,171,False
18,470,False
76,521,False
50,604,False
1,631,False
59,173,False
55,500,False
84,452,False
62,661,False
14,875,False
33,138,False
83,327,False
22,856,False
83,802,True
24,89,False
51,122,False
84,839,False
82,374,False
6,81,False
83,886,False
73,63,False
7,222,False
57,545,False
74,575,False
64,282,False
55,55,False
2,511,False
24,40,False
59,599,False
47,677,False
64,707,False
22,857,False
85,373,False
57,109,False
68,818,True
80,612,False
23,736,False
58,141,False
78,730,False
5,728,False
49,722,False
66,752,False
59,154,False
39,838,False
70,432,False
54,47,False
80,217,False
7,174,False
81,729,False
34,285,False
29,524,False
83,387,False
10,781,False
58,567,False
14,589,False
11,660,False
8,369,False
15,106,False
75,89,False
40,575,False
60,10,False
79,268,False
44,383,False
76,573,False
70,849,False
54,464,False
71,890,False
26,375,False
78,231,False
8,320,False
79,743,False
57,556,False
78,618,False
64,293,False
44,334,False
82,426,False
71,445,False
74,112,False
85,780,False
77,294,False
62,664,False
28,642,False
33,141,False
66,338,False
8,321,False
51,125,False
75,41,False
57,557,False
74,587,False
49,867,False
85,385,False
51,76,False
64,710,False
71,871,False
57,112,False
7,176,False
19,495,False
59,157,False
39,841,False
84,436,False
40,720,False
59,582,False
66,319,False
72,34,False
70,430,True
82,358,False
54,475,False
41,886,False
61,212,False
73,47,False
74,559,False
54,1,False
53,413,False
75,101,False
59,583,False
56,96,False
15,109,False
85,357,False
75,488,False
68,802,True
73,522,False
37,792,False
27,765,False
53,364,False
31,573,False
71,893,False
74,164,False
3,824,False
69,403,False
35,381,False
