source,destination,label
49,138,False
35,141,False
13,71,False
41,97,False
45,101,False
0,111,False
10,59,False
28,126,False
9,120,False
17,79,False
10,61,False
9,54,False
2,27,False
15,88,False
41,4,False
3,33,False
13,72,False
2,80,False
43,132,False
47,136,False
27,121,False
11,89,False
2,29,False
37,126,False
3,114,False
21,91,False
12,66,False
15,105,False
32,135,False
19,85,False
6,45,False
26,117,False
1,22,False
1,112,False
36,143,False
11,62,False
8,53,False
12,68,False
5,41,False
53,109,False
12,123,False
17,84,False
32,134,True
38,94,False
45,134,True
25,112,False
18,96,False
5,39,False
13,91,False
23,82,False
44,133,False
51,107,False
46,102,True
10,121,False
29,128,False
40,96,False
4,36,False
4,115,False
8,50,False
53,16,False
33,136,False
21,81,False
26,118,False
51,14,False
1,23,False
54,110,False
20,98,False
46,135,False
50,139,False
3,31,False
1,25,False
9,56,False
39,95,False
0,20,False
30,130,False
6,43,False
10,58,False
48,104,False
52,108,False
7,118,False
39,2,False
3,32,False
19,109,False
42,98,False
8,86,False
5,116,False
28,127,False
2,26,False
48,11,False
34,138,False
9,57,False
38,1,False
42,5,False
17,95,False
4,34,False
11,64,False
14,125,False
15,78,False
2,28,False
6,84,False
27,124,False
14,74,False
49,105,False
40,3,False
15,93,False
0,78,False
41,130,False
27,122,False
23,92,False
7,46,False
25,113,False
14,76,False
8,52,False
5,40,False
49,12,False
11,65,False
25,111,False
31,132,False
19,90,False
0,18,False
16,106,False
26,120,False
7,48,False
25,115,False
35,140,False
13,70,False
43,99,False
47,103,False
2,113,False
4,35,False
11,122,False
37,93,False
17,89,False
3,81,False
50,13,False
54,17,False
19,107,False
23,87,False
10,60,False
1,79,False
43,6,False
33,137,False
52,15,False
37,0,False
12,90,False
53,142,False
22,104,False
3,30,False
21,86,False
38,127,False
9,55,False
19,80,False
0,19,False
13,124,False
44,100,False
7,49,False
10,88,False
51,140,False
21,99,False
0,21,False
6,42,False
21,103,False
12,67,False
44,7,False
19,97,False
13,73,False
23,101,False
26,116,False
9,87,False
5,38,False
54,143,False
36,142,False
6,44,False
11,63,False
50,106,False
12,69,False
46,9,True
39,128,False
29,129,False
4,37,False
27,123,False
8,51,False
34,139,False
47,10,False
22,100,False
7,85,False
48,137,False
52,141,False
26,119,False
27,125,False
42,131,False
14,75,False
8,119,False
1,24,False
15,83,False
5,83,False
20,110,False
31,133,False
40,129,False
16,94,False
6,117,False
7,47,False
20,108,False
25,114,False
14,77,False
45,8,True
24,102,True
14,92,False
30,131,False
4,82,False
