source,destination,label
114,76,False
239,16,True
96,62,True
207,50,False
225,16,False
192,54,True
202,79,True
182,79,False
4,84,False
235,14,True
236,54,False
78,51,False
129,103,False
199,14,False
216,33,False
258,80,True
180,52,False
1,0,True
190,77,False
194,43,True
178,77,False
207,12,False
128,55,False
170,50,False
195,12,False
195,1,False
137,95,False
148,5,False
151,34,False
53,37,False
188,52,False
236,16,False
164,55,False
158,89,False
206,50,False
124,53,False
232,45,False
178,50,False
100,56,True
210,14,False
79,89,False
138,76,False
228,43,False
228,54,False
134,22,False
34,48,False
141,7,False
158,51,False
161,77,False
206,12,False
36,76,True
9,88,False
130,40,False
140,76,False
156,76,False
178,1,False
51,52,False
233,78,True
93,58,False
220,35,False
230,77,False
191,16,False
94,71,False
116,7,False
235,45,True
260,10,True
39,75,True
174,49,False
177,78,False
152,7,False
125,53,True
28,108,True
172,77,False
112,5,False
195,43,False
150,97,False
231,43,True
231,54,True
189,1,False
259,15,True
84,5,False
218,33,False
198,45,True
219,52,False
66,33,False
229,43,True
80,95,False
172,50,False
141,105,False
230,12,False
134,3,False
185,49,False
72,45,False
111,77,True
170,12,False
170,23,False
197,78,False
174,79,False
120,76,False
51,33,False
183,33,False
169,78,False
149,97,False
82,34,False
213,50,False
206,23,False
172,1,False
258,15,True
218,52,False
139,95,False
224,77,False
66,52,False
201,78,False
185,79,False
165,109,False
145,77,False
46,50,False
219,33,False
182,33,False
261,80,True
117,77,False
84,36,False
142,42,False
93,69,False
143,7,False
82,53,False
131,55,False
67,35,False
119,55,False
46,23,False
49,52,False
221,78,False
246,32,False
222,35,False
256,46,False
41,11,False
90,46,True
247,53,False
42,76,True
162,99,False
207,23,False
252,55,False
64,29,False
192,49,True
182,52,False
114,5,False
200,47,True
205,12,False
205,23,False
133,51,False
122,3,False
22,102,False
181,12,False
181,1,False
210,25,False
254,44,True
91,7,True
166,109,False
81,32,False
159,26,False
139,77,False
43,76,False
68,52,False
155,44,False
155,55,False
193,49,False
225,52,False
251,36,False
192,79,True
124,76,False
156,3,False
112,76,False
147,77,False
200,77,True
180,77,False
132,51,False
191,49,False
215,78,False
235,78,True
217,33,False
59,19,False
168,49,False
27,106,True
150,5,False
77,3,False
80,32,False
113,5,False
216,77,False
118,7,False
174,14,False
188,77,False
154,44,False
154,55,False
195,54,False
65,31,False
193,79,False
250,36,False
234,14,False
130,103,False
185,52,False
79,26,False
86,55,True
162,53,False
229,54,True
39,48,True
261,15,True
17,4,False
163,77,False
191,79,False
95,60,True
200,1,True
217,52,False
168,79,False
226,52,False
165,55,False
157,3,False
120,3,False
166,76,False
188,1,False
37,75,False
254,55,True
161,53,False
12,4,False
194,77,True
81,5,False
202,47,True
142,7,False
63,50,False
160,5,False
233,45,True
179,1,False
210,77,False
52,52,False
8,2,False
167,46,False
202,77,True
42,11,True
138,5,False
174,25,False
199,1,False
82,97,False
48,50,False
131,77,False
109,18,True
175,49,False
119,77,False
126,76,False
153,7,False
80,5,False
177,16,False
177,27,False
253,55,False
38,9,False
158,76,False
180,12,False
223,78,False
149,5,False
166,46,False
43,11,False
130,76,False
84,99,False
142,105,False
101,56,False
123,3,False
173,25,False
197,54,False
179,50,False
110,18,False
186,35,False
33,9,True
194,49,True
57,45,False
75,22,False
85,36,False
175,79,False
234,77,False
238,54,False
201,54,False
135,51,False
2,2,False
216,12,False
155,77,False
189,37,False
37,48,False
150,76,False
237,47,True
196,54,True
24,6,False
238,16,False
201,16,False
18,98,False
129,55,False
171,50,False
127,5,True
34,76,False
194,79,True
240,51,False
187,78,False
209,25,False
171,78,False
209,14,False
20,4,False
103,72,True
182,77,False
159,89,False
214,27,False
155,107,False
189,78,False
115,5,False
171,12,False
75,3,False
171,1,False
99,73,True
218,77,False
124,5,False
210,50,False
252,42,False
27,6,True
58,47,False
20,100,False
159,51,False
70,41,False
163,99,False
236,47,False
195,49,False
40,75,False
148,53,False
183,49,False
190,37,False
207,78,False
208,25,False
158,3,False
136,53,False
208,14,False
165,77,False
221,35,False
146,3,False
90,109,True
149,77,False
44,19,False
160,76,False
23,102,False
137,77,False
151,5,False
154,107,False
182,12,False
182,1,False
202,1,True
191,52,False
122,20,False
218,12,False
29,108,True
26,6,True
224,37,False
83,53,False
108,18,False
184,35,False
190,1,False
178,49,False
195,79,False
14,4,False
104,66,True
235,54,True
198,54,True
126,30,False
81,95,False
99,65,True
79,51,False
256,55,False
10,2,False
109,51,True
171,23,False
259,13,True
183,52,False
71,43,False
71,54,False
23,6,False
0,0,True
244,26,False
86,42,True
111,18,True
177,49,False
92,67,True
178,79,False
87,55,True
211,14,False
67,52,False
74,51,False
167,109,False
164,7,False
45,21,False
69,39,False
24,104,False
72,54,False
5,2,False
205,50,False
40,9,False
174,77,False
140,55,False
89,44,True
144,76,False
219,12,False
222,52,False
205,78,False
132,76,False
79,3,False
258,13,True
121,20,False
70,54,False
16,96,False
192,77,True
217,12,False
222,14,False
174,50,False
177,79,False
236,77,False
117,7,False
176,16,False
261,10,True
121,77,False
32,75,False
50,52,False
82,5,False
247,32,False
257,46,False
223,35,False
203,54,False
55,54,False
91,46,True
105,68,False
157,77,False
110,81,False
201,49,False
9,2,False
152,76,False
78,3,False
129,77,False
120,20,False
75,85,False
174,1,False
85,99,False
239,47,True
10,90,False
215,16,False
175,14,False
175,25,False
226,77,False
203,16,False
251,53,False
128,7,False
163,36,False
173,50,False
192,1,True
196,49,True
199,45,False
186,49,False
211,25,False
114,91,False
88,107,True
173,78,False
168,77,False
98,71,False
185,1,False
89,55,True
103,56,True
83,34,False
121,3,False
184,49,False
173,1,False
201,79,False
109,81,True
136,95,False
126,5,False
36,11,True
250,53,False
193,1,False
187,35,False
197,49,False
39,76,True
196,79,True
144,87,False
242,51,False
110,51,False
169,49,False
97,69,False
112,28,False
15,94,False
40,48,False
116,76,False
127,30,True
181,78,False
151,77,False
186,79,False
132,3,False
133,22,False
119,7,False
54,54,False
168,1,False
209,50,False
258,74,True
108,51,False
32,9,False
184,79,False
203,47,False
213,78,False
176,27,False
125,5,True
186,52,False
220,77,False
208,77,False
116,38,False
85,53,False
144,51,False
11,2,False
197,79,False
212,16,False
212,27,False
86,7,True
162,5,False
241,51,False
90,55,True
35,11,False
169,79,False
14,94,False
228,77,False
253,42,False
122,83,False
21,4,False
138,53,False
104,61,True
166,55,False
132,22,False
186,14,False
208,50,False
143,55,False
234,45,False
111,51,True
192,12,True
38,75,False
73,54,False
188,37,False
230,43,False
126,93,False
259,8,True
97,63,False
161,5,False
180,1,False
76,51,False
197,14,False
53,52,False
33,75,True
137,53,False
185,14,False
148,97,False
198,79,True
227,37,False
145,51,False
86,105,True
8,88,False
118,76,False
193,12,False
123,20,False
176,49,False
179,78,False
56,43,False
156,89,False
233,54,True
258,8,True
25,6,False
124,30,False
125,93,True
191,1,False
167,55,False
130,55,False
64,52,False
178,16,False
123,77,False
145,24,False
221,52,False
11,90,False
196,14,True
32,48,False
60,50,False
143,77,False
102,56,False
203,49,False
227,78,False
128,40,False
108,81,False
134,76,False
199,78,False
221,14,False
176,79,False
212,77,False
230,54,False
28,6,True
189,16,False
87,42,True
194,1,True
214,16,False
198,49,True
5,84,False
144,24,False
220,52,False
25,104,False
57,54,False
13,4,False
155,7,False
203,79,False
232,14,False
111,81,True
187,79,False
19,98,False
220,14,False
33,48,True
160,36,False
228,12,False
12,92,False
175,50,False
168,23,False
244,51,False
89,107,True
162,76,False
55,41,False
83,97,False
114,28,False
107,72,True
107,61,True
121,83,False
135,22,False
56,54,False
211,50,False
154,7,False
213,16,False
260,74,True
59,50,False
136,32,False
222,77,False
178,27,False
41,75,False
184,52,False
118,38,False
88,44,True
112,91,False
30,110,True
127,93,True
231,12,True
91,109,True
37,76,False
240,22,False
243,51,False
183,12,False
183,1,False
187,49,False
36,75,True
140,42,False
165,7,False
120,83,False
224,16,False
184,14,False
110,76,False
112,53,False
116,101,False
94,59,False
84,53,False
194,12,True
34,9,False
113,77,False
219,78,False
3,2,False
243,24,False
49,29,False
142,76,False
232,54,False
30,6,True
38,48,False
125,30,True
135,3,False
146,51,False
134,51,False
68,37,False
151,53,False
237,78,True
170,49,False
37,11,False
113,28,False
47,25,False
139,53,False
238,47,False
76,24,False
92,57,True
147,51,False
131,40,False
245,26,False
260,17,True
167,77,False
88,55,True
101,68,False
157,26,False
3,82,False
6,86,False
177,1,False
133,85,False
213,27,False
147,24,False
223,52,False
87,7,True
141,55,False
198,14,True
170,79,False
226,37,False
148,34,False
183,78,False
127,77,True
159,3,False
189,49,False
200,54,True
124,93,False
50,31,False
223,14,False
108,76,False
156,26,False
118,101,False
95,73,True
136,5,False
2,82,False
163,53,False
196,77,True
214,77,False
186,77,False
152,44,False
152,55,False
132,85,False
229,12,True
200,16,True
217,78,False
48,27,False
225,37,False
128,103,False
106,61,False
214,50,False
15,4,False
62,50,False
189,79,False
129,7,False
133,77,False
96,67,True
102,70,False
257,55,False
42,75,True
187,52,False
201,47,False
177,50,False
196,1,True
40,76,False
179,16,False
164,76,False
163,5,False
179,27,False
186,1,False
190,49,False
35,75,False
225,78,False
143,42,False
123,83,False
100,66,True
187,14,False
194,54,True
238,77,False
140,7,False
61,50,False
119,101,False
45,50,False
63,27,False
172,79,False
260,80,True
116,55,False
43,75,False
6,2,False
255,55,True
145,87,False
41,48,False
197,1,False
61,23,False
4,2,False
17,96,False
110,3,False
259,74,True
173,49,False
74,22,False
190,79,False
191,37,False
126,53,False
185,78,False
114,53,False
36,48,True
44,50,False
117,38,False
83,5,False
202,54,True
87,105,True
115,77,False
122,51,False
138,32,False
164,46,False
128,76,False
190,52,False
91,55,True
193,78,False
140,105,False
152,107,False
184,77,False
77,87,False
239,78,True
90,7,True
146,24,False
172,49,False
109,3,True
115,28,False
173,79,False
188,16,False
201,1,False
232,77,False
7,86,False
160,99,False
199,54,False
39,9,True
137,32,False
181,79,False
189,52,False
35,48,False
141,77,False
74,3,False
148,76,False
209,78,False
113,91,False
136,76,False
62,25,False
227,16,False
22,6,False
76,87,False
135,85,False
215,27,False
26,106,True
89,7,True
241,22,False
184,1,False
169,50,False
131,103,False
153,44,False
157,89,False
145,3,False
21,100,False
118,55,False
78,26,False
133,3,False
200,49,True
121,51,False
169,12,False
169,1,False
149,53,False
180,49,False
16,4,False
198,77,True
85,5,False
237,54,True
246,53,False
157,51,False
202,16,True
161,99,False
168,50,False
129,40,False
181,49,False
150,34,False
144,3,False
203,1,False
131,7,False
135,77,False
160,53,False
120,51,False
164,109,False
168,12,False
179,49,False
180,79,False
200,79,True
233,14,True
158,26,False
181,33,False
234,54,False
42,48,True
242,24,False
198,1,True
105,61,False
156,51,False
192,43,True
81,53,False
134,85,False
58,54,False
204,77,False
224,52,False
111,3,True
142,55,False
29,6,True
176,77,False
211,78,False
137,5,False
231,78,True
127,53,True
173,14,False
149,34,False
60,21,False
77,51,False
47,50,False
113,53,False
150,53,False
204,50,False
147,87,False
169,23,False
76,3,False
176,50,False
179,79,False
245,51,False
43,48,False
34,75,False
75,51,False
143,105,False
69,54,False
181,52,False
167,7,False
193,43,False
153,55,False
80,53,False
98,64,False
165,46,False
261,74,True
204,12,False
108,3,False
159,77,False
176,1,False
172,14,False
65,52,False
151,97,False
172,25,False
248,53,False
215,50,False
260,15,True
237,16,True
119,38,False
130,7,False
203,78,False
74,85,False
188,49,False
175,78,False
191,78,False
141,42,False
166,7,False
249,34,False
170,77,False
162,36,False
117,101,False
187,1,False
31,110,True
190,16,False
33,76,True
175,1,False
206,77,False
31,6,True
139,32,False
199,49,False
7,2,False
125,77,True
19,4,False
109,77,True
115,91,False
146,76,False
122,76,False
146,87,False
171,49,False
188,79,False
195,78,False
248,34,False
249,53,False
153,77,False
54,39,False
77,24,False
106,70,False
161,36,False
204,23,False
170,1,False
139,5,False
197,45,False
229,78,True
154,76,False
216,52,False
13,92,False
261,17,True
73,47,False
115,53,False
147,3,False
52,35,False
193,54,False
226,16,False
202,49,True
123,51,False
182,49,False
199,79,False
183,79,False
212,50,False
18,4,False
88,7,True
255,44,True
239,54,True
171,79,False
180,33,False
259,80,True
153,107,False
185,35,False
227,52,False
196,45,True
78,89,False
117,55,False
138,95,False
